cam0:
  T_here_imu0:
  - [0.004849772428227678, 0.9999414346087855, -0.009675074155577834, -0.04687164440963156]
  - [0.0015617672176878594, 0.009667602187984597, 0.9999520480258492, 0.014013727849697887]
  - [0.9999870202110375, -0.004864650085710409, -0.001514790081641404, -0.047456938997062464]
  - [0.0, 0.0, 0.0, 1.0]
  cam_overlaps: [1]
  camera_imu_orientation_prior:
  - [0.006708021451800439, 0.9999264200621176, -0.01010727015365992]
  - [0.002425643641803532, 0.010091197021688258, 0.9999461405473755]
  - [0.9999745590269407, -0.00673217679702115, -0.0023577731969991467]
  camera_model: pinhole
  distortion_coeffs: [-0.03696737352869157, -0.008917880497032812, 0.008912969593422046,
    -0.0037685977496087313]
  distortion_model: equidistant
  intrinsics: [351.31400364193297, 351.4911744656785, 367.8522793375995, 253.8402144980996]
  resolution: [720, 540]
  rostopic: /alphasense/cam0/image_raw
  timeshift_to_imu0: 0.001985775109730793
cam1:
  T_cn_cnm1:
  - [0.9999761426988953, 0.004698109260098521, -0.005063773535634403, 0.10817339479208792]
  - [-0.004705552944957792, 0.9999878643586435, -0.001459077421776254, 0.0005128409082424196]
  - [0.005056857178348413, 0.0014828704666000703, 0.9999861145489264, 0.0006919599620310546]
  - [0.0, 0.0, 0.0, 1.0]
  T_here_imu0:
  - [-0.0002067137301484112, 0.9999876316426202, -0.0049692888040084315, 0.061609017829745046]
  - [7.986892044958838e-05, 0.004969305404128044, 0.9999876497361138, 0.014816199044949028]
  - [0.9999999754451945, 0.00020631428544720665, -8.08951562585869e-05, -0.046980562742365374]
  - [0.0, 0.0, 0.0, 1.0]
  cam_overlaps: [0]
  camera_model: pinhole
  distortion_coeffs: [-0.039086652082708805, -0.005525347047415151, 0.004398151558986798,
    -0.0019701263170917808]
  distortion_model: equidistant
  fix_last_cam_to_here: true
  intrinsics: [352.6489794433894, 352.8586498571586, 347.8170010310082, 270.5806692485468]
  resolution: [720, 540]
  rostopic: /alphasense/cam1/image_raw
  timeshift_to_imu0: 0.0020253347727083493
cam2:
  T_cn_cnm1:
  - [1.0, 0.0, 0.0, 0.0]
  - [0.0, 1.0, 0.0, 0.0]
  - [0.0, 0.0, 1.0, 0.0]
  - [0.0, 0.0, 0.0, 1.0]
  T_here_imu0:
  - [0.9999909670362054, 0.004204487669814497, 0.0006230003451042268, -0.0102754529928248]
  - [0.0042030289426582355, -0.9999884654387713, 0.0023245509500047054, -0.007771397112273838]
  - [0.0006327667048757509, -0.0023219114639383754, -0.9999971041625327, -0.03826222194718099]
  - [0.0, 0.0, 0.0, 1.0]
  cam_overlaps: []
  camera_model: pinhole
  distortion_coeffs: [-0.041202246303621064, -0.0012607385825244833, 0.0006712169937177444,
    -0.0006234254968089226]
  distortion_model: equidistant
  intrinsics: [350.70040966794545, 350.8792449525716, 375.2977403521422, 268.5927747079796]
  resolution: [720, 540]
  rostopic: /alphasense/cam2/image_raw
  timeshift_to_imu0: 0.0021556587411600643
cam3:
  T_cn_cnm1:
  - [-0.9998391251001266, -0.0161222744285014, -0.007861055035180222, 0.004335869014487889]
  - [0.007855005086518901, 0.0004385450866929276, -0.9999690528077848, 0.019382770657539662]
  - [0.01612522291643761, -0.9998699315138243, -0.0003118339881538355, -0.021391787723233326]
  - [0.0, 0.0, 0.0, 1.0]
  T_here_imu0:
  - [-0.9999027769335516, 0.0072337969249591984, 0.011920942186732435, -0.005825206286878408]
  - [0.011901462261391856, -0.0027300042262239743, 0.9999254483575084, 0.013620107682413682]
  - [0.007265801856067348, 0.9999701091827555, 0.0026436460457327127, -0.057619364487972745]
  - [0.0, 0.0, 0.0, 1.0]
  cam_overlaps: []
  camera_model: pinhole
  distortion_coeffs: [-0.03890973498616883, -0.002604676547864069, 0.0004634700730293949,
    -0.00036698216675371063]
  distortion_model: equidistant
  intrinsics: [352.9514843860555, 353.32837903547403, 363.93345228274336, 266.14511705007413]
  resolution: [720, 540]
  rostopic: /alphasense/cam3/image_raw
  timeshift_to_imu0: 0.0019989003133962526
cam4:
  T_cn_cnm1:
  - [-0.9998408862309188, 0.009140689267815536, 0.015318290396781491, -0.013340747860206136]
  - [-0.00920529117847363, -0.9999490099769478, -0.004152115176837459, -0.01533443158111155]
  - [0.015279556122165385, -0.004292463841600803, 0.9998740470273636, -0.0014486104191319751]
  - [0.0, 0.0, 0.0, 1.0]
  T_here_imu0:
  - [0.9999924089781369, 0.001921471013374736, -0.0033896806999757006, 0.007539994642429218]
  - [0.003392625697866645, -0.001531497032151663, 0.9999930722798608, 0.015090483593541166]
  - [0.0019162664160293453, -0.9999969812284363, -0.0015380042384616766, -0.07293041331981358]
  - [0.0, 0.0, 0.0, 1.0]
  cam_overlaps: []
  camera_model: pinhole
  distortion_coeffs: [-0.03842764034005408, -0.005841411460411122, 0.003451041303088915,
    -0.0011463543672005018]
  distortion_model: equidistant
  intrinsics: [351.5132148653381, 351.7557554938886, 342.8425988673232, 259.91793254535776]
  resolution: [720, 540]
  rostopic: /alphasense/cam4/image_raw
  timeshift_to_imu0: 0.001977579675432507
