Calibration results
===================
Normalized Residuals
----------------------------
Distance error (LiDAR0):    count: 129345, mean: 0.484248383785, median: 0.425376982556, std: 0.377620709231
Reprojection error (cam0):    count: 796322, mean: 0.264238283372, median: 0.247412490336, std: 0.138321936508
Reprojection error (cam1):    count: 659389, mean: 0.377571615299, median: 0.33282111053, std: 0.251934392323
Reprojection error (cam2):    count: 387868, mean: 0.478810255328, median: 0.461002755449, std: 0.257563947469
Reprojection error (cam3):    count: 458146, mean: 0.438090642144, median: 0.418993092833, std: 0.216934321006
Reprojection error (cam4):    count: 161652, mean: 0.49298951847, median: 0.42442826379, std: 0.331006846896
Reprojection error (cam5):    count: 170985, mean: 0.373358393668, median: 0.325571566314, std: 0.241034101015
Reprojection error (cam6):    count: 714589, mean: 0.383933357892, median: 0.350042707128, std: 0.235366531919
Reprojection error (cam7):    count: 657486, mean: 0.412211476513, median: 0.360166895314, std: 0.271895142319
Gyroscope error (imu0):    count: 48157, mean: 1.2193363451, median: 1.1572184406, std: 0.557102715243
Accelerometer error (imu0):    count: 48157, mean: 3.58631037747, median: 1.96519359373, std: 5.86820600287

Residuals
----------------------------
Distance error (LiDAR0) [m]:    count: 129345, mean: 0.0096849676757, median: 0.00850753965112, std: 0.00755241418462
Reprojection error (cam0) [px]:    count: 796322, mean: 0.264238283372, median: 0.247412490336, std: 0.138321936508
Reprojection error (cam1) [px]:    count: 659389, mean: 0.377571615299, median: 0.33282111053, std: 0.251934392323
Reprojection error (cam2) [px]:    count: 387868, mean: 0.478810255328, median: 0.461002755449, std: 0.257563947469
Reprojection error (cam3) [px]:    count: 458146, mean: 0.438090642144, median: 0.418993092833, std: 0.216934321006
Reprojection error (cam4) [px]:    count: 161652, mean: 0.49298951847, median: 0.42442826379, std: 0.331006846896
Reprojection error (cam5) [px]:    count: 170985, mean: 0.373358393668, median: 0.325571566314, std: 0.241034101015
Reprojection error (cam6) [px]:    count: 714589, mean: 0.383933357892, median: 0.350042707128, std: 0.235366531919
Reprojection error (cam7) [px]:    count: 657486, mean: 0.412211476513, median: 0.360166895314, std: 0.271895142319
Gyroscope error (imu0) [rad/s]:    count: 48157, mean: 0.00233636634939, median: 0.00221734243745, std: 0.00106746267532
Accelerometer error (imu0) [m/s^2]:    count: 48157, mean: 0.0343451964729, median: 0.0188201669627, std: 0.0561983394907


Transformation world to target0: 
[[1. 0. 0. 0.]
 [0. 1. 0. 0.]
 [0. 0. 1. 0.]
 [0. 0. 0. 1.]]


Transformation world to target1: 
[[ 0.8501372   0.09428142 -0.51805188  1.20543839]
 [-0.20616119  0.96489488 -0.16271273 -0.19142046]
 [ 0.48452482  0.24513034  0.8397302   0.14141221]
 [ 0.          0.          0.          1.        ]]


Transformation world to target2: 
[[ 0.28566115 -0.18490831  0.94032262 -1.69541639]
 [ 0.38096475  0.92225785  0.06562249 -0.90385593]
 [-0.87935406  0.33948398  0.33389679  1.31105289]
 [ 0.          0.          0.          1.        ]]


Transformation world to target3: 
[[-0.18574138 -0.1819484   0.96560598 -1.86276335]
 [ 0.30815952  0.92234197  0.23307294 -1.39466731]
 [-0.93302618  0.34085197 -0.11524794  2.29176249]
 [ 0.          0.          0.          1.        ]]


Transformation world to target4: 
[[ 0.24150505  0.16672999 -0.95596884  1.74318582]
 [-0.12710985  0.98207652  0.13917183 -0.0149238 ]
 [ 0.96203867  0.08790236  0.25836946  0.82452519]
 [ 0.          0.          0.          1.        ]]


Transformation world to target5: 
[[ 0.84282117 -0.09433059  0.52986244 -1.14376715]
 [ 0.18356123  0.97587029 -0.11824742 -0.12826092]
 [-0.50592267  0.19692364  0.83979958  0.4223379 ]
 [ 0.          0.          0.          1.        ]]


Transformation imu0 to lidar0: 
[[ 0.99938091 -0.00339727  0.03501798 -0.13406141]
 [-0.00369881 -0.99995661  0.00854976 -0.01089982]
 [ 0.03498741 -0.00867399 -0.99935011  0.00610925]
 [ 0.          0.          0.          1.        ]]

Transformation (cam0):
-----------------------
T_cam0_imu0:  (imu0 to cam0): 
[[ 0.00559158 -0.99996264  0.00659122  0.02895089]
 [-0.90590452 -0.0022743   0.42347588  0.09594714]
 [-0.42344507 -0.00833891 -0.9058834  -0.03848314]
 [ 0.          0.          0.          1.        ]]

T_imu0_cam0:  (cam0 to imu0): 
[[ 0.00559158 -0.90590452 -0.42344507  0.07046157]
 [-0.99996264 -0.0022743  -0.00833891  0.02884712]
 [ 0.00659122  0.42347588 -0.9058834  -0.07568335]
 [ 0.          0.          0.          1.        ]]

timeshift cam0 to imu0: [s] (t_imu = t_cam + shift)
0.0


Transformation (cam1):
-----------------------
T_cam1_imu0:  (imu0 to cam1): 
[[ 0.00239156 -0.99998561  0.00480254 -0.04609885]
 [-0.90627839 -0.00013748  0.42268127  0.09557561]
 [-0.42267452 -0.00536331 -0.90626568 -0.03837847]
 [ 0.          0.          0.          1.        ]]

T_imu0_cam1:  (cam1 to imu0): 
[[ 0.00239156 -0.90627839 -0.42267452  0.07050675]
 [-0.99998561 -0.00013748 -0.00536331 -0.04629088]
 [ 0.00480254  0.42268127 -0.90626568 -0.07495771]
 [ 0.          0.          0.          1.        ]]

timeshift cam1 to imu0: [s] (t_imu = t_cam + shift)
0.0


Transformation (cam2):
-----------------------
T_cam2_imu0:  (imu0 to cam2): 
[[ 0.03511185 -0.0493871  -0.99816235  0.69771559]
 [-0.97320077 -0.22881273 -0.02291259  0.35653905]
 [-0.22726067  0.97221687 -0.05609761 -0.2770034 ]
 [ 0.          0.          0.          1.        ]]

T_imu0_cam2:  (cam2 to imu0): 
[[ 0.03511185 -0.97320077 -0.22726067  0.25953401]
 [-0.0493871  -0.22881273  0.97221687  0.3853462 ]
 [-0.99816235 -0.02291259 -0.05609761  0.68906343]
 [ 0.          0.          0.          1.        ]]

timeshift cam2 to imu0: [s] (t_imu = t_cam + shift)
0.0


Transformation (cam3):
-----------------------
T_cam3_imu0:  (imu0 to cam3): 
[[ 0.02932103 -0.02507232 -0.99925555  0.61481595]
 [-0.9773408  -0.2103745  -0.02339948  0.35140221]
 [-0.20963121  0.97729931 -0.0306726  -0.30081484]
 [ 0.          0.          0.          1.        ]]

T_imu0_cam3:  (cam3 to imu0): 
[[ 0.02932103 -0.9773408  -0.20963121  0.2623525 ]
 [-0.02507232 -0.2103745   0.97729931  0.38332706]
 [-0.99925555 -0.02339948 -0.0306726   0.61335411]
 [ 0.          0.          0.          1.        ]]

timeshift cam3 to imu0: [s] (t_imu = t_cam + shift)
0.0


Transformation (cam4):
-----------------------
T_cam4_imu0:  (imu0 to cam4): 
[[ 0.00528905  0.99992692 -0.01087099  0.0523187 ]
 [-0.90982268  0.00030069 -0.4149971   0.78821289]
 [-0.4149635   0.01208561  0.90975779 -1.16431086]
 [ 0.          0.          0.          1.        ]]

T_imu0_cam4:  (cam4 to imu0): 
[[ 0.00528905 -0.90982268 -0.4149635   0.23371074]
 [ 0.99992692  0.00030069  0.01208561 -0.03848047]
 [-0.01087099 -0.4149971   0.90975779  1.38691569]
 [ 0.          0.          0.          1.        ]]

timeshift cam4 to imu0: [s] (t_imu = t_cam + shift)
0.0


Transformation (cam5):
-----------------------
T_cam5_imu0:  (imu0 to cam5): 
[[ 0.00924924  0.9999482  -0.00424735 -0.03355661]
 [-0.90867434  0.00663182 -0.41745294  0.79110831]
 [-0.41740315  0.00772058  0.90868862 -1.16270512]
 [ 0.          0.          0.          1.        ]]

T_imu0_cam5:  (cam5 to imu0): 
[[ 0.00924924 -0.90867434 -0.41740315  0.23385342]
 [ 0.9999482   0.00663182  0.00772058  0.03728514]
 [-0.00424735 -0.41745294  0.90868862  1.38664487]
 [ 0.          0.          0.          1.        ]]

timeshift cam5 to imu0: [s] (t_imu = t_cam + shift)
0.0


Transformation (cam6):
-----------------------
T_cam6_imu0:  (imu0 to cam6): 
[[-0.01634317  0.01551435  0.99974607 -0.62204606]
 [-0.9649562   0.26166029 -0.01983497  0.36620182]
 [-0.26190158 -0.96503533  0.01069431 -0.32090752]
 [ 0.          0.          0.          1.        ]]

T_imu0_cam6:  (cam6 to imu0): 
[[-0.01634317 -0.9649562  -0.26190158  0.25915633]
 [ 0.01551435  0.26166029 -0.96503533 -0.39585693]
 [ 0.99974607 -0.01983497  0.01069431  0.63258359]
 [ 0.          0.          0.          1.        ]]

timeshift cam6 to imu0: [s] (t_imu = t_cam + shift)
0.0


Transformation (cam7):
-----------------------
T_cam7_imu0:  (imu0 to cam7): 
[[-0.04145278  0.01323827  0.99905276 -0.69197558]
 [-0.96605658  0.25464896 -0.043458    0.37922786]
 [-0.25498306 -0.96694294  0.00223301 -0.31720194]
 [ 0.          0.          0.          1.        ]]

T_imu0_cam7:  (cam7 to imu0): 
[[-0.04145278 -0.96605658 -0.25498306  0.25679014]
 [ 0.01323827  0.25464896 -0.96694294 -0.3941256 ]
 [ 0.99905276 -0.043458    0.00223301  0.70850891]
 [ 0.          0.          0.          1.        ]]

timeshift cam7 to imu0: [s] (t_imu = t_cam + shift)
0.0

Baselines:
----------
Baseline (cam0 to cam1): 
[[ 0.99999328  0.0021415   0.00297555 -0.07514051]
 [-0.00214407  0.99999733  0.00086032 -0.0002761 ]
 [-0.0029737  -0.0008667   0.9999952   0.00027373]
 [ 0.          0.          0.          1.        ]]
baseline norm:  0.07514151588687265 [m]

Baseline (cam1 to cam2): 
[[1. 0. 0. 0.]
 [0. 1. 0. 0.]
 [0. 0. 1. 0.]
 [0. 0. 0. 1.]]
baseline norm:  0.0 [m]

Baseline (cam2 to cam3): 
[[ 0.99968703  0.00009715  0.0250166  -0.07578623]
 [-0.00056998  0.99982133  0.01889413  0.00055829]
 [-0.02501029 -0.01890248  0.99950847  0.00024195]
 [ 0.          0.          0.          1.        ]]
baseline norm:  0.07578867139377597 [m]

Baseline (cam3 to cam4): 
[[1. 0. 0. 0.]
 [0. 1. 0. 0.]
 [0. 0. 1. 0.]
 [0. 0. 0. 1.]]
baseline norm:  0.0 [m]

Baseline (cam4 to cam5): 
[[ 0.99997022 -0.00635186  0.00438283 -0.07576416]
 [ 0.00636344  0.99997628 -0.00263422 -0.00048587]
 [-0.00436599  0.00266203  0.99998693 -0.00027931]
 [ 0.          0.          0.          1.        ]]
baseline norm:  0.07576623437647284 [m]

Baseline (cam5 to cam6): 
[[1. 0. 0. 0.]
 [0. 1. 0. 0.]
 [0. 0. 1. 0.]
 [0. 0. 0. 1.]]
baseline norm:  0.0 [m]

Baseline (cam6 to cam7): 
[[ 0.99968192  0.02364786  0.00876533 -0.0759744 ]
 [-0.02370783  0.99969579  0.00680174  0.00057281]
 [-0.00860182 -0.00700738  0.99993845  0.00090122]
 [ 0.          0.          0.          1.        ]]
baseline norm:  0.07598190748917395 [m]


Gravity vector in target coords: [m/s^2]
[-0.14342415 -9.64274051 -1.77915929]


Calibration configuration
=========================

cam0
-----
  Camera model: pinhole
  Focal length: [567.7610239182566, 567.1293085165794]
  Principal point: [651.55636483273, 402.9081460847209]
  Distortion model: equidistant
  Distortion coefficients: [-0.0032589824594531436, 0.004329813673000139, 0.0035601008360336764, -0.002021576943252078]


cam1
-----
  Camera model: pinhole
  Focal length: [565.7720712258174, 565.3132881060791]
  Principal point: [652.281607825715, 395.68847555469665]
  Distortion model: equidistant
  Distortion coefficients: [-0.008341888403781413, 0.04033084558312753, -0.04129189258321806, 0.01521997678462175]


cam2
-----
  Camera model: pinhole
  Focal length: [564.1345576759775, 563.9250164758821]
  Principal point: [657.7563979665367, 392.0689800043535]
  Distortion model: equidistant
  Distortion coefficients: [-0.018665240189435467, 0.057396025995108284, -0.05802576254032148, 0.021100477768187364]


cam3
-----
  Camera model: pinhole
  Focal length: [570.865070815136, 570.4864850901508]
  Principal point: [661.53166258685, 399.08337544010686]
  Distortion model: equidistant
  Distortion coefficients: [0.013987820011529302, -0.03692376850226243, 0.04233119564975245, -0.01486767942673941]


cam4
-----
  Camera model: pinhole
  Focal length: [563.9341764619915, 563.973196783425]
  Principal point: [672.2600835031826, 413.0356180613399]
  Distortion model: equidistant
  Distortion coefficients: [0.00516273420333328, 0.0033327173074679094, -0.0013666248911747547, 0.0009071861063664735]


cam5
-----
  Camera model: pinhole
  Focal length: [567.1435376862444, 566.7245184920495]
  Principal point: [662.8222657800367, 391.11907555882397]
  Distortion model: equidistant
  Distortion coefficients: [0.006093118408956083, -0.006077465146580489, 0.007938420825520147, -0.002740512833323196]


cam6
-----
  Camera model: pinhole
  Focal length: [564.3024198808229, 564.1885210830599]
  Principal point: [659.6101033396535, 402.7124447293912]
  Distortion model: equidistant
  Distortion coefficients: [0.005725183359898776, 0.0011503795448596092, -0.004016003768388677, 0.0031517753124459718]


cam7
-----
  Camera model: pinhole
  Focal length: [569.6800693521454, 569.1616615438619]
  Principal point: [656.4157820822179, 379.0580331366856]
  Distortion model: equidistant
  Distortion coefficients: [-0.003682489876078344, 0.010009409219841352, -0.0036676017329274834, 0.0008237827887743862]



IMU configuration
=================

IMU0:
----------------------------
  Model: calibrated
T_here_imu0
    [[1. 0. 0. 0.]
     [0. 1. 0. 0.]
     [0. 0. 1. 0.]
     [0. 0. 0. 1.]]
  time offset with respect to imu0: 0.0 [s]
  Update rate: 200.0
  Accelerometer:
    Noise density: 0.000677178458388 
    Noise density (discrete): 0.0095767496 
    Random walk: 4.85559239073e-06
  Gyroscope:
    Noise density: 0.000135488497135
    Noise density (discrete): 0.00191609670194 
    Random walk: 2.68678758179e-06

