cam0:
  T_here_imu0:
  - [0.005591575656874202, -0.9999626443753757, 0.00659121654007, 0.028950893174162138]
  - [-0.9059045237433778, -0.002274297411819927, 0.4234758805794793, 0.09594713829195171]
  - [-0.4234450709867294, -0.00833891030574313, -0.9058834000200884, -0.03848313572199586]
  - [0.0, 0.0, 0.0, 1.0]
  cam_overlaps: [1]
  camera_imu_orientation_prior:
  - [0.006112432542185169, -0.9999668452105656, 0.0053802089221628435]
  - [-0.9062652002570991, -0.0032653951843460045, 0.4226969647362637]
  - [-0.42266538179909807, -0.007459602799005788, -0.9062551127330005]
  camera_model: pinhole
  distortion_coeffs: [-0.0032589824594531436, 0.004329813673000139, 0.0035601008360336764,
    -0.002021576943252078]
  distortion_model: equidistant
  intrinsics: [567.7610239182566, 567.1293085165794, 651.55636483273, 402.9081460847209]
  resolution: [1280, 800]
  rostopic: /oak_cam_front/left/image_raw
cam1:
  T_cn_cnm1:
  - [0.9999932800052187, 0.0021415002527286177, 0.002975553909348469, -0.07514051004566691]
  - [-0.002144068885679238, 0.9999973314022884, 0.0008603237244430193, -0.0002760964662000532]
  - [-0.0029737035853187994, -0.0008666977356267781, 0.9999952029495028, 0.0002737345347534046]
  - [0.0, 0.0, 0.0, 1.0]
  T_here_imu0:
  - [0.0023915596786017214, -0.999985607917269, 0.0048025410600709695, -0.04609884924539652]
  - [-0.9062783948125973, -0.00013747671236041467, 0.42268126548979595, 0.09557560511751825]
  - [-0.4226745219884982, -0.005363306674388446, -0.9062656803627239, -0.03837846512402488]
  - [0.0, 0.0, 0.0, 1.0]
  cam_overlaps: [0]
  camera_model: pinhole
  distortion_coeffs: [-0.008341888403781413, 0.04033084558312753, -0.04129189258321806,
    0.01521997678462175]
  distortion_model: equidistant
  fix_last_cam_to_here: true
  intrinsics: [565.7720712258174, 565.3132881060791, 652.281607825715, 395.68847555469665]
  resolution: [1280, 800]
  rostopic: /oak_cam_front/right/image_raw
cam2:
  T_here_imu0:
  - [0.03511185229505684, -0.04938710335726876, -0.9981623474417306, 0.697715585751205]
  - [-0.9732007742559927, -0.22881273182353037, -0.022912589181209086, 0.3565390475044189]
  - [-0.22726066711145554, 0.9722168728105006, -0.05609760606857103, -0.2770033971357601]
  - [0.0, 0.0, 0.0, 1.0]
  cam_overlaps: [3]
  camera_model: pinhole
  distortion_coeffs: [-0.018665240189435467, 0.057396025995108284, -0.05802576254032148,
    0.021100477768187364]
  distortion_model: equidistant
  intrinsics: [564.1345576759775, 563.9250164758821, 657.7563979665367, 392.0689800043535]
  resolution: [1280, 800]
  rostopic: /oak_cam_left/left/image_raw
cam3:
  T_cn_cnm1:
  - [0.9996870312481039, 9.714769420566846e-05, 0.02501659682438751, -0.075786228873098]
  - [-0.0005699756425125856, 0.9998213274606405, 0.018894133550008067, 0.0005582881399845842]
  - [-0.025010291523998418, -0.018902479127461264, 0.9995084699994875, 0.00024194871546945226]
  - [0.0, 0.0, 0.0, 1.0]
  T_here_imu0:
  - [0.029321030688080535, -0.025072317833505664, -0.9992555509167033, 0.6148159483432858]
  - [-0.9773407962979923, -0.21037450439127775, -0.02339948276629711, 0.35140221183883724]
  - [-0.20963121201527846, 0.9772993127903957, -0.030672596375681205, -0.30081483504440726]
  - [0.0, 0.0, 0.0, 1.0]
  cam_overlaps: [2]
  camera_model: pinhole
  distortion_coeffs: [0.013987820011529302, -0.03692376850226243, 0.04233119564975245,
    -0.01486767942673941]
  distortion_model: equidistant
  fix_last_cam_to_here: true
  intrinsics: [570.865070815136, 570.4864850901508, 661.53166258685, 399.08337544010686]
  resolution: [1280, 800]
  rostopic: /oak_cam_left/right/image_raw
cam4:
  T_here_imu0:
  - [0.005289045327591502, 0.999926921139897, -0.010870987959202355, 0.05231869652554281]
  - [-0.9098226841311078, 0.0003006869128387435, -0.41499710002341833, 0.7882128907153851]
  - [-0.41496350374459356, 0.012085609917041329, 0.9097577856731669, -1.1643108557978503]
  - [0.0, 0.0, 0.0, 1.0]
  cam_overlaps: [5]
  camera_model: pinhole
  distortion_coeffs: [0.00516273420333328, 0.0033327173074679094, -0.0013666248911747547,
    0.0009071861063664735]
  distortion_model: equidistant
  intrinsics: [563.9341764619915, 563.973196783425, 672.2600835031826, 413.0356180613399]
  resolution: [1280, 800]
  rostopic: /oak_cam_rear/left/image_raw
cam5:
  T_cn_cnm1:
  - [0.9999702219185906, -0.00635185768549646, 0.004382827857158835, -0.07576416165673544]
  - [0.006363441867417183, 0.9999762834637981, -0.0026342204781422034, -0.0004858667644455254]
  - [-0.0043659917180739185, 0.0026620319063942847, 0.9999869257657545, -0.00027930902219824264]
  - [0.0, 0.0, 0.0, 1.0]
  T_here_imu0:
  - [0.009249238434690443, 0.999948204461974, -0.004247349956479907, -0.033556613242478106]
  - [-0.9086743443967614, 0.006631820454791659, -0.41745293721876164, 0.7911083087545684]
  - [-0.41740314735695777, 0.007720579688726165, 0.9086886184088452, -1.162705117478802]
  - [0.0, 0.0, 0.0, 1.0]
  cam_overlaps: [4]
  camera_model: pinhole
  distortion_coeffs: [0.006093118408956083, -0.006077465146580489, 0.007938420825520147,
    -0.002740512833323196]
  distortion_model: equidistant
  fix_last_cam_to_here: true
  intrinsics: [567.1435376862444, 566.7245184920495, 662.8222657800367, 391.11907555882397]
  resolution: [1280, 800]
  rostopic: /oak_cam_rear/right/image_raw
cam6:
  T_here_imu0:
  - [-0.01634316785619261, 0.01551435096661452, 0.9997460706491968, -0.6220460633628806]
  - [-0.9649561981242547, 0.26166029459597995, -0.019834967444614382, 0.3662018188873122]
  - [-0.26190157801358926, -0.9650353336256812, 0.010694311009226798, -0.3209075200563278]
  - [0.0, 0.0, 0.0, 1.0]
  cam_overlaps: [7]
  camera_model: pinhole
  distortion_coeffs: [0.005725183359898776, 0.0011503795448596092, -0.004016003768388677,
    0.0031517753124459718]
  distortion_model: equidistant
  intrinsics: [564.3024198808229, 564.1885210830599, 659.6101033396535, 402.7124447293912]
  resolution: [1280, 800]
  rostopic: /oak_cam_right/left/image_raw
cam7:
  T_cn_cnm1:
  - [0.9996819231849227, 0.0236478624737713, 0.00876533272142144, -0.07597440329480556]
  - [-0.023707829009207253, 0.9996957913203318, 0.0068017394897887905, 0.0005728143278222301]
  - [-0.008601819631090454, -0.007007383023523156, 0.9999384507469433, 0.0009012177525262469]
  - [0.0, 0.0, 0.0, 1.0]
  T_here_imu0:
  - [-0.04145277541142267, 0.013238267085566358, 0.9990527592150784, -0.6919755791624278]
  - [-0.9660565753498949, 0.25464896474557047, -0.043458002453427236, 0.3792278637976388]
  - [-0.2549830595038091, -0.9669429419767128, 0.002233008619900112, -0.31720193905521843]
  - [0.0, 0.0, 0.0, 1.0]
  cam_overlaps: [6]
  camera_model: pinhole
  distortion_coeffs: [-0.003682489876078344, 0.010009409219841352, -0.0036676017329274834,
    0.0008237827887743862]
  distortion_model: equidistant
  fix_last_cam_to_here: true
  intrinsics: [569.6800693521454, 569.1616615438619, 656.4157820822179, 379.0580331366856]
  resolution: [1280, 800]
  rostopic: /oak_cam_right/right/image_raw
