%YAML:1.0
---
T_i_c0: !!opencv-matrix
  rows: 4
  cols: 4
  dt: d
  data:  [-0.999506,  0.00759167,   -0.030488,   0.0447659,
          0.0302105,  -0.0343071,   -0.998955,  -0.0755245,
          -0.00862969,   -0.999383,   0.0340608,  -0.0465419,
          0,           0,           0,           1]

T_i_c1: !!opencv-matrix
  rows: 4
  cols: 4
  dt: d
  data:  [-0.999497,  0.00813335,  -0.0306525,  -0.0561178,
          0.0307588,   0.0132798,   -0.999439,  -0.0738562,
          -0.00772172,   -0.999879,  -0.0135233,  -0.0494102,
          0,           0,           0,           1]

T_w_moc: !!opencv-matrix
  rows: 4
  cols: 4
  dt: d
  data:  [-0.999641,   0.0266075, -0.00313757,    0.146549,
          -0.00698843,   -0.145899,    0.989275,   -0.192952,
          0.0258644,    0.988942,    0.146032,    0.766471,
          0,           0,           0,           1]

T_mark_i: !!opencv-matrix
  rows: 4
  cols: 4
  dt: d
  data:  [0.99975,  -0.0167084,   0.0148858,  -0.0105073,
          0.0166986,     0.99986, 0.000784897,  -0.0596456,
          -0.0148968, -0.00053613,    0.999889,  -0.0389606,
          0,           0,           0,           1]

cam_time_offset_ns: 126788
mocap_time_offset_ns: -6022600
accel_bias: [-1.30318, -0.391441,  0.380509]
accel_scale: !!opencv-matrix
  rows: 3
  cols: 3
  dt: d
  data: [1.00422,            0,            0,
        -7.82123e-05,      1.00136,        0,
        -0.0097745,       -0.000976476,     0.970467]
gyro_bias:  [0.0283122, 0.00723077, 0.0165292]
gyro_scale: !!opencv-matrix
  rows: 3
  cols: 3
  dt: d
  data: [0.943611,    0.00148681, 0.000824366,
        0.000369694,     1.09413, -0.00273521,
        -0.00175252,  0.00834754,     1.01588]